181 400000000 8.4
119 400000000 6.6
136 379000000 6.6
164 379000000 8.0
141 365000000 7.3
128 365000000 6.2
108 306000000 6.7
132 306000000 7.2
149 300000000 8.4
128 300000000 6.9
169 300000000 7.1
130 300000000 7.9
120 300000000 6.1
143 300000000 6.9
148 300000000 6.8
97 300000000 6.9
132 290000000 7.2
98 275000000 8.4
135 275000000 6.9
91 275000000 6.2
132 263700000 6.6
110 263700000 6.2
152 263000000 6.4
126 263000000 7.5
26 262000000 4.3
136 262000000 6.4
118 260000000 6.8
127 260000000 5.3
100 260000000 7.7
147 260000000 7.7
139 258000000 6.2
144 258000000 6.9
147 250000000 7.8
113 250000000 5.6
153 250000000 7.6
113 250000000 7.9
161 250000000 7.8
123 250000000 6.8
144 250000000 7.4
106 250000000 7.4
136 250000000 6.6
95 250000000 8.2
163 250000000 7.3
133 250000000 7.4
162 237000000 7.8
123 237000000 5.9
154 232000000 6.1
96 232000000 8.3
164 230000000 8.4
105 230000000 8.4
129 230000000 6.5
112 230000000 7.0
106 230000000 6.6
94 230000000 6.4
143 225000000 8.0
102 225000000 6.7
151 225000000 7.3
118 225000000 5.7
143 225000000 7.1
106 225000000 4.9
150 225000000 6.5
112 225000000 5.2
150 225000000 6.4
96 225000000 5.4
136 220000000 6.9
177 220000000 6.2
131 220000000 5.8
101 220000000 5.6
154 217000000 5.2
126 217000000 6.7
124 215000000 6.9
128 215000000 6.2
106 215000000 6.8
100 215000000 7.0
149 210000000 5.9
128 210000000 6.1
165 210000000 5.6
121 210000000 8.0
104 210000000 6.6
124 210000000 6.9
140 210000000 6.6
136 210000000 7.8
187 207000000 7.2
130 207000000 7.6
113 205000000 6.1
100 205000000 6.6
150 205000000 7.3
127 205000000 6.1
148 200000000 8.4
109 200000000 6.3
134 200000000 7.3
131 200000000 6.0
194 200000000 7.9
112 200000000 6.3
118 200000000 7.6
132 200000000 6.0
133 200000000 7.8
130 200000000 6.4
97 200000000 7.3
122 200000000 7.3
100 200000000 7.7
113 200000000 6.1
103 200000000 8.3
93 200000000 6.3
130 200000000 7.1
115 200000000 7.5
136 200000000 7.6
102 200000000 7.8
127 200000000 7.4
98 200000000 8.1
176 200000000 8.3
101 200000000 7.7
108 200000000 6.4
169 200000000 8.6
143 200000000 7.8
155 200000000 8.1
169 200000000 7.8
120 200000000 5.2
104 200000000 7.3
130 200000000 6.3
129 200000000 7.1
132 200000000 8.0
129 200000000 7.4
142 200000000 6.6
143 200000000 6.8
106 200000000 6.2
93 200000000 6.1
134 200000000 6.7
148 200000000 8.8
137 200000000 6.5
137 200000000 6.5
143 200000000 5.2
125 200000000 6.8
123 200000000 6.4
158 200000000 5.8
131 200000000 7.7
156 200000000 6.4
166 200000000 7.8
134 200000000 6.5
109 200000000 6.1
115 200000000 6.5
98 200000000 5.7
127 200000000 6.6
123 200000000 6.7
114 200000000 5.5
209 200000000 7.8
107 200000000 7.1
142 200000000 6.5
113 200000000 6.3
71 200000000 6.5
113 200000000 6.3
102 200000000 7.4
126 200000000 6.3
151 200000000 5.4
111 200000000 5.6
115 200000000 5.7
175 200000000 5.6
138 200000000 6.5
140 200000000 7.4
183 200000000 6.2
154 195000000 6.2
144 195000000 7.0
110 195000000 5.4
103 195000000 6.8
114 195000000 6.3
141 195000000 7.4
137 190000000 7.1
102 190000000 7.4
132 190000000 7.7
108 190000000 8.0
116 190000000 7.0
138 190000000 7.5
143 190000000 7.2
157 190000000 7.7
138 190000000 7.2
131 190000000 6.9
101 190000000 7.2
148 190000000 5.7
107 190000000 7.6
93 187500000 6.7
92 187500000 6.4
126 186000000 7.9
132 186000000 7.4
152 185000000 9.0
115 185000000 6.7
122 185000000 6.1
111 185000000 8.1
93 185000000 7.1
112 185000000 6.8
118 185000000 6.6
140 185000000 8.2
122 185000000 7.0
131 185000000 7.4
